1757529106242 0.11351543100390209 100
1757530747440 0.22703086200780417 200
1757532411028 0.3405462930117063 300
1757534077478 0.45406172401560835 400
1757535740864 0.5675771550195104 500
1757537402913 0.6810925860234126 600
1757539067958 0.7946080170273147 700
1757540730782 0.9081234480312167 800
1757544089555 1.0 881
1757544406579 1.0215679318907414 900
1757546069724 1.1350833628946435 1000
1757547731077 1.2485987938985457 1100
1757549392999 1.3621142249024476 1200
1757551054655 1.4756296559063498 1300
1757552716682 1.589145086910252 1400
1757554377257 1.702660517914154 1500
1757556038122 1.816175948918056 1600
1757557700812 1.9296913799219582 1700
1757560744595 2.0 1762
1757561375555 2.0431358637814827 1800
1757563034431 2.156651294785385 1900
1757564696978 2.270166725789287 2000
1757566362116 2.383682156793189 2100
1757568025245 2.4971975877970913 2200
1757569687781 2.6107130188009933 2300
1757571354269 2.724228449804895 2400
1757573020241 2.8377438808087976 2500
1757574687314 2.9512593118126995 2600
1757577427099 3.0 2643
1757578381702 3.0647037956722243 2700
1757580054473 3.178219226676126 2800
1757581720718 3.2917346576800286 2900
1757583391834 3.4052500886839305 3000
1757585061965 3.5187655196878325 3100
1757586731547 3.632280950691735 3200
1757588405092 3.745796381695637 3300
1757590078064 3.8593118126995387 3400
1757591742252 3.972827243703441 3500
1757594154655 4.0 3524
1757595420217 4.086271727562965 3600
1757597085299 4.199787158566868 3700
1757598746399 4.31330258957077 3800
1757600412187 4.426818020574672 3900
1757602073973 4.540333451578574 4000
1757603745474 4.653848882582476 4100
1757605415814 4.767364313586378 4200
1757607087922 4.88087974459028 4300
1757608757542 4.994395175594183 4400
1757610867661 5.0 4405
1757612457200 5.107839659453707 4500
1757614113859 5.221355090457609 4600
1757615721003 5.334870521461511 4700
1757617327891 5.448385952465413 4800
1757618933515 5.561901383469316 4900
1757620540448 5.675416814473217 5000
1757622147386 5.7889322454771195 5100
1757623813160 5.902447676481022 5200
1757627262494 6.0 5286
1757627497138 6.015892160340546 5300
1757629162013 6.129407591344449 5400
1757630826863 6.24292302234835 5500
1757632488906 6.356438453352252 5600
1757634152603 6.469953884356155 5700
1757635816103 6.583469315360057 5800
1757637480184 6.696984746363959 5900
1757639144279 6.810500177367861 6000
1757640806699 6.9240156083717626 6100
1757643932480 7.0 6167
1757644481449 7.037460092231288 6200
1757646136829 7.15097552323519 6300
1757647794163 7.264490954239092 6400
1757649451494 7.378006385242994 6500
1757651118262 7.491521816246896 6600
1757652782042 7.605037247250798 6700
1757654450824 7.7185526782547 6800
1757656111482 7.832068109258603 6900
1757657772112 7.945583540262504 7000
1757660594059 8.0 7048
1757661465697 8.059028024122028 7100
1757663135802 8.17254345512593 7200
1757664804552 8.286058886129833 7300
1757666468418 8.399574317133736 7400
1757668140081 8.513089748137638 7500
1757669786606 8.62660517914154 7600
1757671442411 8.740120610145441 7700
1757673109385 8.853636041149343 7800
1757674780937 8.967151472153246 7900
1757677291684 9.0 7929
1757678486179 9.08059595601277 8000
1757680158531 9.194111387016672 8100
1757681829832 9.307626818020575 8200
1757683503565 9.421142249024477 8300
1757685183499 9.53465768002838 8400
1757686856864 9.64817311103228 8500
1757688478419 9.761688542036183 8600
1757690086145 9.875203973040085 8700
1757691749246 9.988719404043987 8800
1757693933023 10.0 8810
1757695401607 10.102163887903512 8900
1757697076253 10.215679318907414 9000
1757698748693 10.329194749911316 9100
1757700413330 10.442710180915219 9200
1757702084046 10.556225611919121 9300
1757703754399 10.669741042923022 9400
1757705427441 10.783256473926924 9500
1757707096378 10.896771904930826 9600
1757710636144 11.0 9691
1757710787655 11.01021638879035 9700
1757712456702 11.123731819794253 9800
1757714123088 11.237247250798156 9900
1757715788645 11.350762681802058 10000
1757717455220 11.46427811280596 10100
1757719122370 11.577793543809861 10200
1757720789254 11.691308974813763 10300
1757722455419 11.804824405817666 10400
1757724120888 11.918339836821568 10500
1757727336688 12.0 10572
1757727338020 12.0 10572
