1757529106242 1.2247955799102783 100
1757530747440 0.9910348057746887 200
1757532411028 0.7224911451339722 300
1757534077478 0.545787513256073 400
1757535740864 0.4349183142185211 500
1757537402913 0.31558501720428467 600
1757539067958 0.24547620117664337 700
1757540730782 0.17244522273540497 800
1757544406579 0.18115217983722687 900
1757546069724 0.15203620493412018 1000
1757547731077 0.15739209949970245 1100
1757549392999 0.16531415283679962 1200
1757551054655 0.25254732370376587 1300
1757552716682 0.24542532861232758 1400
1757554377257 0.16522888839244843 1500
1757556038122 0.20000794529914856 1600
1757557700812 0.19968968629837036 1700
1757561375555 0.3248807191848755 1800
1757563034431 0.23408600687980652 1900
1757564696978 0.2708711624145508 2000
1757566362116 0.2523115575313568 2100
1757568025245 0.2931789755821228 2200
1757569687781 0.2561529278755188 2300
1757571354269 0.27247950434684753 2400
1757573020241 0.28251489996910095 2500
1757574687314 0.28638923168182373 2600
1757578381702 0.2874481976032257 2700
1757580054473 0.20889604091644287 2800
1757581720718 0.27948999404907227 2900
1757583391834 0.36515334248542786 3000
1757585061965 0.4478646218776703 3100
1757586731547 0.3431099057197571 3200
1757588405092 0.3993377983570099 3300
1757590078064 0.5353273749351501 3400
1757591742252 0.470569908618927 3500
1757595420217 0.38150662183761597 3600
1757597085299 0.4218083918094635 3700
1757598746399 0.364016056060791 3800
1757600412187 0.27024319767951965 3900
1757602073973 0.44872987270355225 4000
1757603745474 0.46301764249801636 4100
1757605415814 0.4358983039855957 4200
1757607087922 0.430507093667984 4300
1757608757542 0.40738511085510254 4400
1757612457200 0.49810150265693665 4500
1757614113859 0.4296647012233734 4600
1757615721003 0.5081362128257751 4700
1757617327891 0.4530769884586334 4800
1757618933515 0.433960884809494 4900
1757620540448 0.46434637904167175 5000
1757622147386 0.4676504135131836 5100
1757623813160 0.43830403685569763 5200
1757627497138 0.3862758278846741 5300
1757629162013 0.5541647672653198 5400
1757630826863 0.601276159286499 5500
1757632488906 0.45712897181510925 5600
1757634152603 0.42595431208610535 5700
1757635816103 0.5259031653404236 5800
1757637480184 0.4284670352935791 5900
1757639144279 0.538896381855011 6000
1757640806699 0.5437065362930298 6100
1757644481449 0.6245189309120178 6200
1757646136829 0.502842128276825 6300
1757647794163 0.4438059628009796 6400
1757649451494 0.5069527626037598 6500
1757651118262 0.48512858152389526 6600
1757652782042 0.41081973910331726 6700
1757654450824 0.7293242812156677 6800
1757656111482 0.6276431679725647 6900
1757657772112 0.5565564632415771 7000
1757661465697 0.8511863946914673 7100
1757663135802 0.6739436984062195 7200
1757664804552 0.5412139892578125 7300
1757666468418 0.5039636492729187 7400
1757668140081 0.3923487067222595 7500
1757669786606 0.4793796241283417 7600
1757671442411 0.6000757813453674 7700
1757673109385 0.6339372396469116 7800
1757674780937 0.622647762298584 7900
1757678486179 0.7674301862716675 8000
1757680158531 0.5367977023124695 8100
1757681829832 0.48991477489471436 8200
1757683503565 0.4937744736671448 8300
1757685183499 0.5606521368026733 8400
1757686856864 0.5123635530471802 8500
1757688478419 0.5454822778701782 8600
1757690086145 0.46459507942199707 8700
1757691749246 0.5317819118499756 8800
1757695401607 0.567870557308197 8900
1757697076253 0.41005513072013855 9000
1757698748693 0.36972764134407043 9100
1757700413330 0.49738261103630066 9200
1757702084046 0.6063765287399292 9300
1757703754399 0.5381839871406555 9400
1757705427441 0.5939154028892517 9500
1757707096378 0.6130486726760864 9600
1757710787655 0.573004961013794 9700
1757712456702 0.48030081391334534 9800
1757714123088 0.5173961520195007 9900
1757715788645 0.471841037273407 10000
1757717455220 0.47023698687553406 10100
1757719122370 0.48447197675704956 10200
1757720789254 0.4731537997722626 10300
1757722455419 0.4391145408153534 10400
1757724120888 0.515203058719635 10500
