1757529106242 9.357277882797733e-07 100
1757530747440 1.8809073724007562e-06 200
1757532411028 2.8260869565217393e-06 300
1757534077478 3.771266540642722e-06 400
1757535740864 4.7164461247637055e-06 500
1757537402913 5.6616257088846884e-06 600
1757539067958 6.606805293005671e-06 700
1757540730782 7.551984877126654e-06 800
1757544406579 8.497164461247638e-06 900
1757546069724 9.442344045368621e-06 1000
1757547731077 9.956905612781166e-06 1100
1757549392999 9.851797351271812e-06 1200
1757551054655 9.746689089762457e-06 1300
1757552716682 9.641580828253102e-06 1400
1757554377257 9.536472566743746e-06 1500
1757556038122 9.431364305234391e-06 1600
1757557700812 9.326256043725037e-06 1700
1757561375555 9.221147782215683e-06 1800
1757563034431 9.116039520706329e-06 1900
1757564696978 9.010931259196973e-06 2000
1757566362116 8.905822997687619e-06 2100
1757568025245 8.800714736178264e-06 2200
1757569687781 8.69560647466891e-06 2300
1757571354269 8.590498213159554e-06 2400
1757573020241 8.4853899516502e-06 2500
1757574687314 8.380281690140846e-06 2600
1757578381702 8.275173428631492e-06 2700
1757580054473 8.170065167122136e-06 2800
1757581720718 8.064956905612781e-06 2900
1757583391834 7.959848644103427e-06 3000
1757585061965 7.854740382594073e-06 3100
1757586731547 7.749632121084719e-06 3200
1757588405092 7.644523859575363e-06 3300
1757590078064 7.539415598066009e-06 3400
1757591742252 7.4343073365566544e-06 3500
1757595420217 7.329199075047299e-06 3600
1757597085299 7.224090813537945e-06 3700
1757598746399 7.11898255202859e-06 3800
1757600412187 7.013874290519236e-06 3900
1757602073973 6.908766029009882e-06 4000
1757603745474 6.8036577675005266e-06 4100
1757605415814 6.698549505991171e-06 4200
1757607087922 6.5934412444818164e-06 4300
1757608757542 6.488332982972461e-06 4400
1757612457200 6.383224721463107e-06 4500
1757614113859 6.278116459953753e-06 4600
1757615721003 6.173008198444398e-06 4700
1757617327891 6.067899936935044e-06 4800
1757618933515 5.9627916754256886e-06 4900
1757620540448 5.857683413916334e-06 5000
1757622147386 5.752575152406979e-06 5100
1757623813160 5.647466890897625e-06 5200
1757627497138 5.54235862938827e-06 5300
1757629162013 5.437250367878916e-06 5400
1757630826863 5.332142106369561e-06 5500
1757632488906 5.2270338448602065e-06 5600
1757634152603 5.121925583350852e-06 5700
1757635816103 5.016817321841497e-06 5800
1757637480184 4.911709060332143e-06 5900
1757639144279 4.806600798822788e-06 6000
1757640806699 4.701492537313434e-06 6100
1757644481449 4.596384275804079e-06 6200
1757646136829 4.4912760142947235e-06 6300
1757647794163 4.386167752785369e-06 6400
1757649451494 4.281059491276014e-06 6500
1757651118262 4.17595122976666e-06 6600
1757652782042 4.070842968257305e-06 6700
1757654450824 3.965734706747951e-06 6800
1757656111482 3.860626445238596e-06 6900
1757657772112 3.7555181837292414e-06 7000
1757661465697 3.650409922219887e-06 7100
1757663135802 3.545301660710532e-06 7200
1757664804552 3.4401933992011775e-06 7300
1757666468418 3.335085137691823e-06 7400
1757668140081 3.2299768761824687e-06 7500
1757669786606 3.124868614673113e-06 7600
1757671442411 3.0197603531637585e-06 7700
1757673109385 2.9146520916544043e-06 7800
1757674780937 2.8095438301450496e-06 7900
1757678486179 2.704435568635695e-06 8000
1757680158531 2.5993273071263404e-06 8100
1757681829832 2.4942190456169857e-06 8200
1757683503565 2.389110784107631e-06 8300
1757685183499 2.2840025225982764e-06 8400
1757686856864 2.1788942610889218e-06 8500
1757688478419 2.073785999579567e-06 8600
1757690086145 1.9686777380702125e-06 8700
1757691749246 1.8635694765608578e-06 8800
1757695401607 1.7584612150515032e-06 8900
1757697076253 1.6533529535421486e-06 9000
1757698748693 1.548244692032794e-06 9100
1757700413330 1.4431364305234395e-06 9200
1757702084046 1.3380281690140844e-06 9300
1757703754399 1.23291990750473e-06 9400
1757705427441 1.1278116459953753e-06 9500
1757707096378 1.0227033844860207e-06 9600
1757710787655 9.17595122976666e-07 9700
1757712456702 8.124868614673113e-07 9800
1757714123088 7.073785999579568e-07 9900
1757715788645 6.022703384486021e-07 10000
1757717455220 4.971620769392475e-07 10100
1757719122370 3.9205381542989277e-07 10200
1757720789254 2.869455539205382e-07 10300
1757722455419 1.8183729241118356e-07 10400
1757724120888 7.672903090182889e-08 10500
