1757529106242 0.6764 100
1757530747440 0.5681 200
1757532411028 0.435 300
1757534077478 0.3476 400
1757535740864 0.2869 500
1757537402913 0.2452 600
1757539067958 0.2178 700
1757540730782 0.2012 800
1757544406579 0.1936 900
1757546069724 0.1874 1000
1757547731077 0.1841 1100
1757549392999 0.1806 1200
1757551054655 0.1763 1300
1757552716682 0.1718 1400
1757554377257 0.167 1500
1757556038122 0.1599 1600
1757557700812 0.1561 1700
1757561375555 0.1504 1800
1757563034431 0.1458 1900
1757564696978 0.1407 2000
1757566362116 0.1382 2100
1757568025245 0.1344 2200
1757569687781 0.1302 2300
1757571354269 0.1264 2400
1757573020241 0.1248 2500
1757574687314 0.122 2600
1757578381702 0.1171 2700
1757580054473 0.1112 2800
1757581720718 0.1104 2900
1757583391834 0.108 3000
1757585061965 0.1048 3100
1757586731547 0.1046 3200
1757588405092 0.1001 3300
1757590078064 0.0978 3400
1757591742252 0.0984 3500
1757595420217 0.0907 3600
1757597085299 0.0908 3700
1757598746399 0.0889 3800
1757600412187 0.0869 3900
1757602073973 0.0846 4000
1757603745474 0.0839 4100
1757605415814 0.0825 4200
1757607087922 0.0822 4300
1757608757542 0.0807 4400
1757612457200 0.0761 4500
1757614113859 0.0744 4600
1757615721003 0.0722 4700
1757617327891 0.0718 4800
1757618933515 0.0725 4900
1757620540448 0.0707 5000
1757622147386 0.0688 5100
1757623813160 0.0676 5200
1757627497138 0.0675 5300
1757629162013 0.0631 5400
1757630826863 0.0635 5500
1757632488906 0.0612 5600
1757634152603 0.0619 5700
1757635816103 0.0605 5800
1757637480184 0.0591 5900
1757639144279 0.0589 6000
1757640806699 0.0578 6100
1757644481449 0.058 6200
1757646136829 0.0548 6300
1757647794163 0.0535 6400
1757649451494 0.0537 6500
1757651118262 0.052 6600
1757652782042 0.0512 6700
1757654450824 0.0524 6800
1757656111482 0.0524 6900
1757657772112 0.0505 7000
1757661465697 0.0492 7100
1757663135802 0.0479 7200
1757664804552 0.0486 7300
1757666468418 0.0471 7400
1757668140081 0.0459 7500
1757669786606 0.046 7600
1757671442411 0.0457 7700
1757673109385 0.047 7800
1757674780937 0.046 7900
1757678486179 0.0443 8000
1757680158531 0.0427 8100
1757681829832 0.0424 8200
1757683503565 0.0433 8300
1757685183499 0.0433 8400
1757686856864 0.0429 8500
1757688478419 0.0414 8600
1757690086145 0.0416 8700
1757691749246 0.0409 8800
1757695401607 0.0397 8900
1757697076253 0.0406 9000
1757698748693 0.039 9100
1757700413330 0.0392 9200
1757702084046 0.0404 9300
1757703754399 0.0396 9400
1757705427441 0.0394 9500
1757707096378 0.0388 9600
1757710787655 0.0394 9700
1757712456702 0.0382 9800
1757714123088 0.038 9900
1757715788645 0.0381 10000
1757717455220 0.0382 10100
1757719122370 0.0384 10200
1757720789254 0.0371 10300
1757722455419 0.0381 10400
1757724120888 0.0377 10500
