1757260682087 0.05987351719492572 100
1757261791088 0.11974703438985144 200
1757262879746 0.17962055158477716 300
1757263991998 0.2394940687797029 400
1757265096929 0.2993675859746286 500
1757266207355 0.3592411031695543 600
1757267321852 0.41911462036448005 700
1757268441530 0.4789881375594058 800
1757269552750 0.5388616547543315 900
1757270664593 0.5987351719492572 1000
1757271442921 0.5987351719492572 1000
1757272554987 0.6586086891441829 1100
1757273668537 0.7184822063391086 1200
1757274781804 0.7783557235340344 1300
1757275901883 0.8382292407289601 1400
1757277019163 0.8981027579238858 1500
1757278132190 0.9579762751188116 1600
1757279235819 1.0173633199865284 1700
1757280347949 1.0772368371814542 1800
1757281454990 1.1371103543763799 1900
1757282560531 1.1969838715713057 2000
1757283333809 1.1969838715713057 2000
1757284439687 1.2568573887662313 2100
1757285543895 1.316730905961157 2200
1757286647750 1.3766044231560828 2300
1757287750842 1.4364779403510086 2400
1757288854288 1.4963514575459342 2500
1757289958437 1.5562249747408599 2600
1757291061328 1.6160984919357857 2700
1757292164231 1.6759720091307115 2800
1757293266706 1.7358455263256372 2900
1757294368841 1.7957190435205628 3000
1757295139854 1.7957190435205628 3000
1757296243016 1.8555925607154884 3100
1757297345092 1.9154660779104142 3200
1757298449982 1.97533959510534 3300
1757299549758 2.034726639973057 3400
1757300659730 2.0946001571679824 3500
1757301768389 2.1544736743629085 3600
1757302877797 2.214347191557834 3700
1757303983700 2.2742207087527597 3800
1757305094048 2.3340942259476853 3900
1757306208647 2.3939677431426114 4000
1757306985018 2.3939677431426114 4000
1757308093057 2.453841260337537 4100
1757309202167 2.5137147775324626 4200
1757310316726 2.5735882947273883 4300
1757311424119 2.633461811922314 4400
1757312532798 2.69333532911724 4500
1757313642506 2.7532088463121656 4600
1757314749924 2.813082363507091 4700
1757315862254 2.8729558807020172 4800
1757316969793 2.932829397896943 4900
1757318082062 2.9927029150918685 5000
1757318861815 2.9927029150918685 5000
1757318998957 3.0 5013
