1757260682087 2.8716042041778564 100
1757261791088 0.837031900882721 200
1757262879746 0.5065056085586548 300
1757263991998 0.37011057138442993 400
1757265096929 0.34936603903770447 500
1757266207355 0.48185989260673523 600
1757267321852 0.4207219183444977 700
1757268441530 0.3381500840187073 800
1757269552750 0.3693675994873047 900
1757270664593 0.2737809717655182 1000
1757272554987 0.33884817361831665 1100
1757273668537 0.30283990502357483 1200
1757274781804 0.28958699107170105 1300
1757275901883 0.2303248792886734 1400
1757277019163 0.27589094638824463 1500
1757278132190 0.2581765651702881 1600
1757279235819 0.2917586863040924 1700
1757280347949 0.27107053995132446 1800
1757281454990 0.29803556203842163 1900
1757282560531 0.2643023133277893 2000
1757284439687 0.27559694647789 2100
1757285543895 0.2512802183628082 2200
1757286647750 0.32183101773262024 2300
1757287750842 0.24717961251735687 2400
1757288854288 0.3043186068534851 2500
1757289958437 0.24039384722709656 2600
1757291061328 0.20459800958633423 2700
1757292164231 0.25394099950790405 2800
1757293266706 0.21759894490242004 2900
1757294368841 0.23661644756793976 3000
1757296243016 0.20424145460128784 3100
1757297345092 0.2903343141078949 3200
1757298449982 0.25377166271209717 3300
1757299549758 0.21910347044467926 3400
1757300659730 0.2287173718214035 3500
1757301768389 0.23095731437206268 3600
1757302877797 0.2682919204235077 3700
1757303983700 0.21312347054481506 3800
1757305094048 0.24636700749397278 3900
1757306208647 0.3135526776313782 4000
1757308093057 0.24074551463127136 4100
1757309202167 0.31946149468421936 4200
1757310316726 0.25939956307411194 4300
1757311424119 0.22337107360363007 4400
1757312532798 0.20342104136943817 4500
1757313642506 0.1994946449995041 4600
1757314749924 0.21659649908542633 4700
1757315862254 0.19857098162174225 4800
1757316969793 0.22856010496616364 4900
1757318082062 0.18865540623664856 5000
