1757260682087 1.9721115537848606e-05 100
1757261791088 3.964143426294821e-05 200
1757262879746 5.956175298804782e-05 300
1757263991998 7.94820717131474e-05 400
1757265096929 9.940239043824702e-05 500
1757266207355 9.784970073154511e-05 600
1757267321852 9.5632897362004e-05 700
1757268441530 9.341609399246288e-05 800
1757269552750 9.119929062292176e-05 900
1757270664593 8.898248725338062e-05 1000
1757272554987 8.67656838838395e-05 1100
1757273668537 8.454888051429839e-05 1200
1757274781804 8.233207714475727e-05 1300
1757275901883 8.011527377521614e-05 1400
1757277019163 7.789847040567502e-05 1500
1757278132190 7.56816670361339e-05 1600
1757279235819 7.346486366659278e-05 1700
1757280347949 7.124806029705166e-05 1800
1757281454990 6.903125692751054e-05 1900
1757282560531 6.681445355796941e-05 2000
1757284439687 6.459765018842829e-05 2100
1757285543895 6.238084681888717e-05 2200
1757286647750 6.016404344934604e-05 2300
1757287750842 5.794724007980492e-05 2400
1757288854288 5.57304367102638e-05 2500
1757289958437 5.351363334072268e-05 2600
1757291061328 5.1296829971181556e-05 2700
1757292164231 4.908002660164044e-05 2800
1757293266706 4.686322323209931e-05 2900
1757294368841 4.464641986255819e-05 3000
1757296243016 4.2429616493017074e-05 3100
1757297345092 4.021281312347595e-05 3200
1757298449982 3.799600975393483e-05 3300
1757299549758 3.57792063843937e-05 3400
1757300659730 3.3562403014852584e-05 3500
1757301768389 3.1345599645311466e-05 3600
1757302877797 2.9128796275770343e-05 3700
1757303983700 2.6911992906229218e-05 3800
1757305094048 2.4695189536688095e-05 3900
1757306208647 2.2478386167146976e-05 4000
1757308093057 2.026158279760585e-05 4100
1757309202167 1.8044779428064732e-05 4200
1757310316726 1.582797605852361e-05 4300
1757311424119 1.3611172688982487e-05 4400
1757312532798 1.1394369319441365e-05 4500
1757313642506 9.177565949900244e-06 4600
1757314749924 6.960762580359123e-06 4700
1757315862254 4.743959210818001e-06 4800
1757316969793 2.527155841276879e-06 4900
1757318082062 3.1035247173575705e-07 5000
