1757260682087 7.5216 100
1757261791088 3.9205 200
1757262879746 3.5167 300
1757263991998 3.3894 400
1757265096929 3.313 500
1757266207355 3.2076 600
1757267321852 3.1864 700
1757268441530 3.1758 800
1757269552750 3.1384 900
1757270664593 3.1117 1000
1757272554987 3.0776 1100
1757273668537 3.0698 1200
1757274781804 3.0625 1300
1757275901883 3.0575 1400
1757277019163 3.0478 1500
1757278132190 3.0512 1600
1757279235819 3.0249 1700
1757280347949 2.9819 1800
1757281454990 3.0079 1900
1757282560531 2.9947 2000
1757284439687 2.972 2100
1757285543895 2.9851 2200
1757286647750 2.9881 2300
1757287750842 3.0118 2400
1757288854288 2.9516 2500
1757289958437 2.9815 2600
1757291061328 2.9484 2700
1757292164231 2.9396 2800
1757293266706 2.9629 2900
1757294368841 2.9556 3000
1757296243016 2.9349 3100
1757297345092 2.9505 3200
1757298449982 2.9242 3300
1757299549758 2.9341 3400
1757300659730 2.9522 3500
1757301768389 2.9326 3600
1757302877797 2.9732 3700
1757303983700 2.9037 3800
1757305094048 2.9314 3900
1757306208647 2.9362 4000
1757308093057 2.9054 4100
1757309202167 2.9123 4200
1757310316726 2.9438 4300
1757311424119 2.9064 4400
1757312532798 2.9268 4500
1757313642506 2.9418 4600
1757314749924 2.919 4700
1757315862254 2.9269 4800
1757316969793 2.9133 4900
1757318082062 2.9208 5000
