1757338803730 0.10329911550132352 100
1757339697423 0.20659823100264704 200
1757340593165 0.30989734650397055 300
1757341493126 0.4131964620052941 400
1757342389559 0.5164955775066176 500
1757343284696 0.6197946930079411 600
1757344184875 0.7230938085092646 700
1757345083297 0.8263929240105882 800
1757345976225 0.9296920395119117 900
1757346916150 1.0 969
1757347193543 1.0320227258054102 1000
1757348085930 1.1353218413067339 1100
1757348978299 1.2386209568080573 1200
1757349868654 1.341920072309381 1300
1757350735475 1.4452191878107044 1400
1757351602134 1.548518303312028 1500
1757352470775 1.6518174188133514 1600
1757353366407 1.7551165343146748 1700
1757354260749 1.8584156498159985 1800
1757355151605 1.961714765317322 1900
1757355813893 2.0 1938
1757356366551 2.0640454516108204 2000
1757357257227 2.1673445671121443 2100
1757358147899 2.2706436826134677 2200
1757359038057 2.373942798114791 2300
1757359928048 2.4772419136161146 2400
1757360816026 2.5805410291174384 2500
1757361704538 2.683840144618762 2600
1757362591412 2.7871392601200853 2700
1757363481030 2.8904383756214087 2800
1757364369920 2.993737491122732 2900
1757364754626 3.0 2907
1757365581012 3.096068177416231 3000
1757366469861 3.1993672929175543 3100
1757367356886 3.3026664084188777 3200
1757368248291 3.4059655239202016 3300
1757369140765 3.509264639421525 3400
1757370034169 3.6125637549228484 3500
1757370927131 3.715862870424172 3600
1757371820325 3.8191619859254953 3700
1757372713829 3.922461101426819 3800
1757373717387 4.0 3876
1757373718108 4.0 3876
