1757338803730 2.8869986534118652 100
1757339697423 0.6630833148956299 200
1757340593165 0.38301828503608704 300
1757341493126 0.4344431161880493 400
1757342389559 0.38487741351127625 500
1757343284696 0.31865888833999634 600
1757344184875 0.287191241979599 700
1757345083297 0.321251779794693 800
1757345976225 0.2813473343849182 900
1757347193543 0.3238171935081482 1000
1757348085930 0.2887614071369171 1100
1757348978299 0.2538627088069916 1200
1757349868654 0.31339728832244873 1300
1757350735475 0.44862478971481323 1400
1757351602134 0.25502529740333557 1500
1757352470775 0.28859543800354004 1600
1757353366407 0.21516072750091553 1700
1757354260749 0.2568286955356598 1800
1757355151605 0.2443132847547531 1900
1757356366551 0.26399028301239014 2000
1757357257227 0.2751697301864624 2100
1757358147899 0.23221305012702942 2200
1757359038057 0.2614327073097229 2300
1757359928048 0.31370824575424194 2400
1757360816026 0.22084400057792664 2500
1757361704538 0.3437056839466095 2600
1757362591412 0.2968447804450989 2700
1757363481030 0.24721285700798035 2800
1757364369920 0.2740612030029297 2900
1757365581012 0.23670971393585205 3000
1757366469861 0.2740153968334198 3100
1757367356886 0.28952735662460327 3200
1757368248291 0.31691235303878784 3300
1757369140765 0.25772085785865784 3400
1757370034169 0.2215784192085266 3500
1757370927131 0.2797747254371643 3600
1757371820325 0.21815268695354462 3700
1757372713829 0.26978832483291626 3800
