1757338803730 2.5515463917525772e-05 100
1757339697423 5.128865979381443e-05 200
1757340593165 7.70618556701031e-05 300
1757341493126 9.968463302752294e-05 400
1757342389559 9.681766055045872e-05 500
1757343284696 9.39506880733945e-05 600
1757344184875 9.108371559633027e-05 700
1757345083297 8.821674311926606e-05 800
1757345976225 8.534977064220184e-05 900
1757347193543 8.248279816513762e-05 1000
1757348085930 7.96158256880734e-05 1100
1757348978299 7.674885321100917e-05 1200
1757349868654 7.388188073394496e-05 1300
1757350735475 7.101490825688074e-05 1400
1757351602134 6.814793577981652e-05 1500
1757352470775 6.52809633027523e-05 1600
1757353366407 6.241399082568807e-05 1700
1757354260749 5.9547018348623853e-05 1800
1757355151605 5.668004587155964e-05 1900
1757356366551 5.381307339449542e-05 2000
1757357257227 5.0946100917431194e-05 2100
1757358147899 4.8079128440366976e-05 2200
1757359038057 4.521215596330275e-05 2300
1757359928048 4.2345183486238534e-05 2400
1757360816026 3.9478211009174317e-05 2500
1757361704538 3.661123853211009e-05 2600
1757362591412 3.3744266055045874e-05 2700
1757363481030 3.087729357798165e-05 2800
1757364369920 2.801032110091743e-05 2900
1757365581012 2.5143348623853215e-05 3000
1757366469861 2.227637614678899e-05 3100
1757367356886 1.9409403669724773e-05 3200
1757368248291 1.6542431192660552e-05 3300
1757369140765 1.367545871559633e-05 3400
1757370034169 1.080848623853211e-05 3500
1757370927131 7.94151376146789e-06 3600
1757371820325 5.07454128440367e-06 3700
1757372713829 2.2075688073394496e-06 3800
