1757338803730 7.5629 100
1757339697423 4.3992 200
1757340593165 4.0811 300
1757341493126 3.9589 400
1757342389559 3.8982 500
1757343284696 3.8352 600
1757344184875 3.796 700
1757345083297 3.7701 800
1757345976225 3.7308 900
1757347193543 3.7014 1000
1757348085930 3.6765 1100
1757348978299 3.698 1200
1757349868654 3.6938 1300
1757350735475 3.6519 1400
1757351602134 3.6628 1500
1757352470775 3.6582 1600
1757353366407 3.6344 1700
1757354260749 3.6302 1800
1757355151605 3.6415 1900
1757356366551 3.584 2000
1757357257227 3.6152 2100
1757358147899 3.6099 2200
1757359038057 3.5817 2300
1757359928048 3.6067 2400
1757360816026 3.6065 2500
1757361704538 3.5912 2600
1757362591412 3.5845 2700
1757363481030 3.5854 2800
1757364369920 3.5844 2900
1757365581012 3.5495 3000
1757366469861 3.5696 3100
1757367356886 3.582 3200
1757368248291 3.5791 3300
1757369140765 3.5721 3400
1757370034169 3.5674 3500
1757370927131 3.5764 3600
1757371820325 3.5635 3700
1757372713829 3.5708 3800
